  7.3880000e+002  1.9113978e+002 -2.2826778e+002  1.3579262e+002
  7.3900000e+002 -1.3129656e+002 -1.9253022e+002  8.3303338e+000
  7.3920000e+002  6.0259078e+001  2.7643358e+002 -6.2136304e+001
  7.3940000e+002 -1.9819330e+002  1.8485867e+002 -7.4607288e+001
  7.3960000e+002 -1.1965368e+002  5.0063710e+002  4.5917388e+001
  7.3980000e+002 -6.1220453e+000  4.5813292e+002 -4.7562269e+001
  7.4000000e+002  1.2840160e+002  4.5643819e+002 -3.5046253e+001
  7.4020000e+002  3.2391728e+002  3.7760096e+002 -7.5345579e+000
  7.4040000e+002  1.7142500e+002  2.9381327e+002 -2.0702718e+002
  7.4060000e+002 -6.9075236e+001 -6.2786818e+001 -2.6552410e+002
  7.4080000e+002  7.9416592e+001 -1.5611326e+002 -2.9102533e+002
  7.4100000e+002  7.2900492e+001 -3.0316800e+002 -2.4853085e+002
  7.4120000e+002 -1.9623527e+001 -5.4595900e+002 -1.3204066e+002
  7.4140000e+002 -1.8115545e+002 -4.7366195e+001 -1.0655475e+002
  7.4160000e+002 -1.6769528e+002  1.8951046e+002 -3.2073120e+001
  7.4180000e+002 -1.2724299e+002  3.4488801e+002 -1.1759576e+002
  7.4200000e+002  1.2120142e+002  1.5784752e+002 -5.4122655e+001
  7.4220000e+002  1.4563797e+002 -2.1146698e+002 -1.3465381e+002
  7.4240000e+002  5.1066665e+001 -4.5543543e+002  1.8481079e+002
  7.4260000e+002  2.3948751e+002 -1.2858477e+002  1.9927114e+002
  7.4280000e+002  1.2490052e+002 -4.1900497e+002  1.7872725e+002
  7.4300000e+002 -1.0669429e+002 -3.9334697e+002  1.4617914e+002
  7.4320000e+002  1.9770309e+002 -5.3700372e+002  2.0262680e+002
  7.4340000e+002  1.6509266e+002 -3.6570217e+002  1.0607024e+002
  7.4360000e+002 -1.9525563e+001 -2.9875827e+002  2.3350947e+002
  7.4380000e+002  1.7384843e+002  4.6363020e+001  2.1894449e+002
  7.4400000e+002  2.1321465e+002  1.8251676e+002  1.0637531e+002
  7.4420000e+002  9.8573115e+001 -2.2427300e+002 -4.5198055e+001
  7.4440000e+002  2.0892382e+002 -3.3183623e+002  1.8224390e+001
  7.4460000e+002 -3.5733210e+001  1.3301615e+002 -5.9357347e+001
  7.4480000e+002 -2.8397975e+001 -4.9202836e+001 -2.0394326e+002
  7.4500000e+002  1.1992954e+002  2.0937687e+002 -9.4533336e+001
  7.4520000e+002  7.1249342e+001  1.7030632e+002  2.9872423e+001
  7.4540000e+002 -1.7843856e+002  8.5335554e+001  6.2274027e+001
  7.4560000e+002 -2.4013415e+002 -2.1633637e+002  8.7671481e+001
  7.4580000e+002 -1.0883741e+002 -2.2492041e+002 -3.4935209e+001
  7.4600000e+002 -2.8154835e+002 -4.3181252e+002  6.3453964e+001
  7.4620000e+002  1.2073304e+002 -4.5986465e+002 -5.4160994e+001
  7.4640000e+002  1.8500679e+002 -4.2373741e+001  1.7219924e+001
  7.4660000e+002  1.0027290e+002  1.3894924e+002  2.1596722e+001
  7.4680000e+002  2.2853138e+002 -1.3159645e+001  9.5969408e+001
  7.4700000e+002  4.3978224e+002  2.8046964e+002  2.1337987e+001
  7.4720000e+002  1.0502549e+002  3.8502151e+001 -1.2029753e+002
  7.4740000e+002  2.4426114e+002 -8.1815069e+001 -5.3937151e+001
  7.4760000e+002  7.5489198e+001 -1.3765097e+002  2.7419145e+001
  7.4780000e+002 -1.2429032e+002  7.1714943e+000  4.2771359e+001
  7.4800000e+002  1.3792259e+002  1.5187537e+002  6.9119496e+001
  7.4820000e+002 -1.2187206e+002  7.6588712e+001  1.2346356e+002
  7.4840000e+002 -1.8567427e+002 -3.1246441e+001  3.4803566e+001
  7.4860000e+002 -7.4840076e+000  2.3303196e+002  2.5139511e+001
  7.4880000e+002  3.6698721e+001 -1.3844703e+002  1.1947140e+002
  7.4900000e+002  1.4187393e+002 -2.7497537e+002 -5.8200749e+001
  7.4920000e+002 -4.1958374e+001 -3.0590602e+002 -7.9876942e+001
  7.4940000e+002  8.4201822e+001  1.3343708e+002 -6.0557170e+001
  7.4960000e+002  3.1035453e+002  2.3387197e+002 -1.7124143e+002
  7.4980000e+002  2.5499753e+001 -1.0125303e+001 -6.1929703e+001
  7.5000000e+002 -1.0362493e+001  1.7961631e+002  6.6378002e+001
  7.5020000e+002 -2.3232201e+001 -3.4879146e+001  6.1681698e+001
  7.5040000e+002  1.5689064e+002 -1.1321624e+001  6.1981389e+001
  7.5060000e+002  2.2000604e+002  2.1604292e+002  1.1027708e+002
  7.5080000e+002 -2.1188599e+002  1.0485954e+002  1.0256878e+002
  7.5100000e+002 -6.2785450e+001  1.1230928e+002 -4.5143504e+001
  7.5120000e+002 -2.3269232e+002  5.4157177e+001  1.6914023e+002
  7.5140000e+002 -4.7460659e+002  1.7093629e+002  3.3419987e+001
  7.5160000e+002 -4.3352825e+002  2.9189765e+002 -1.1830422e+002
  7.5180000e+002 -1.8845730e+002  3.9585332e+002 -9.5032399e+001
  7.5200000e+002 -2.0839372e+002  3.0092434e+002  1.2354700e+000
  7.5220000e+002 -2.1033751e+002  1.4344175e+002 -1.9550061e+002
  7.5240000e+002 -3.6928865e+002  3.2559860e+002  5.3759358e+001
  7.5260000e+002  9.0752867e+001  1.8419493e+002  1.9901539e+002
  7.5280000e+002 -2.5212953e+001  4.1608380e+002  1.8326749e+002
  7.5300000e+002  8.1390035e-001  9.8236241e+001  9.8515657e+001
  7.5320000e+002 -9.9166562e+001 -1.4582693e+001  5.2759904e+001
  7.5340000e+002 -1.1515433e+002 -7.8933960e+001  1.4900023e+002
  7.5360000e+002 -1.4614940e+002 -3.6087951e+002  1.1223665e+002
  7.5380000e+002 -1.8415175e+002  1.6666469e+002  9.4469167e+001
  7.5400000e+002 -3.5516138e+002 -1.1036530e+002 -3.5302218e+001
  7.5420000e+002 -1.0917828e+002 -3.9653446e+001 -2.3077497e+001
  7.5440000e+002 -1.3520244e+002  1.5144230e+002 -4.1856664e+001
  7.5460000e+002 -5.3233852e+001 -1.0359301e+002 -1.3963971e+002
  7.5480000e+002 -1.8627250e+002  1.2571266e+002  3.8573362e+001
  7.5500000e+002 -7.1318381e+001  1.6419836e+002 -1.1121743e+002
  7.5520000e+002  4.6628518e+001 -3.2328621e+000 -5.9012096e+001
  7.5540000e+002  8.6568205e+001 -6.0619197e+002 -3.3810617e+001
  7.5560000e+002  2.6500690e+001 -7.6646692e+002  2.1387008e+001
  7.5580000e+002  2.3642598e+002 -4.2855766e+002  1.5807852e+000
  7.5600000e+002 -6.8655911e+001 -3.3489915e+002 -5.6229280e+001
  7.5620000e+002  1.8255022e+001  1.4695366e+002 -4.7043182e+001
  7.5640000e+002  1.9915879e+002  4.9487780e+002 -8.5860916e+001
  7.5660000e+002  2.4505540e+002  3.9846233e+002  1.3931753e+002
  7.5680000e+002  2.3194487e+002  1.1280529e+002  4.2492146e+001
  7.5700000e+002 -5.7172802e+001 -1.8660528e+002 -4.4337047e+001
  7.5720000e+002 -1.3297601e+001 -3.6758336e+001  6.9829951e+001
  7.5740000e+002 -1.3742952e+002 -1.1292183e+002  2.2799315e+002
  7.5760000e+002 -4.8568546e+001 -6.8751722e+001  5.0152543e+001
  7.5780000e+002 -3.2714673e+001  1.7562403e+002 -1.2069185e+002
  7.5800000e+002 -4.1867891e+001  7.7805482e+001 -7.4540034e+001
  7.5820000e+002 -4.4028191e+001 -1.1803234e+002 -6.4391997e+001
  7.5840000e+002 -8.2195563e+001 -2.4700938e+002  2.2752265e+001
  7.5860000e+002  7.0630002e+001 -5.1597593e+001  7.6892757e+001
  7.5880000e+002 -1.0551488e+001  3.6863605e+002  6.5029485e+001
  7.5900000e+002 -2.7774002e+002  1.8976961e+002  3.1624533e+000
  7.5920000e+002 -1.5693559e+002 -2.9357888e+002  4.4291668e+001
  7.5940000e+002 -2.7013819e+002 -2.6892383e+001  2.6417136e+001
  7.5960000e+002 -2.3634781e+002  2.0132316e+002 -4.6461140e+001
  7.5980000e+002 -2.6564429e+001  1.4630878e+002  2.3765685e+002
  7.6000000e+002  9.2119474e+000 -6.9494797e+000  8.7711044e+000
  7.6020000e+002  3.1981334e+001  3.2487431e+001  1.1688163e+002
  7.6040000e+002 -3.8256261e+001  1.0417355e+002  7.4988444e+001
  7.6060000e+002 -1.4450083e+002  1.8787922e+001 -8.1908462e+001
  7.6080000e+002 -2.0775236e+002  2.0878559e+002  1.5190922e+001
  7.6100000e+002 -1.3001084e+002 -3.1525408e+001 -1.3871340e+002
  7.6120000e+002 -1.3027627e+002 -1.9054103e+002 -1.2162142e+002
  7.6140000e+002 -3.3954864e+002 -2.5000922e+002 -9.0533130e+001
  7.6160000e+002 -3.5827936e+001  1.9064805e+002 -8.2448531e+001
  7.6180000e+002  2.0088585e+002  1.3875883e+002 -8.4367615e+001
  7.6200000e+002  2.2159273e+002  2.9992715e+002  2.7709624e+001
  7.6220000e+002  2.1029271e+002 -1.5087693e+002  4.1783191e+001
  7.6240000e+002  2.5098579e+002 -2.3671380e+001  1.1185309e+002
  7.6260000e+002  3.1671995e+001 -4.3591155e+001  2.3919328e+001
  7.6280000e+002 -5.0648676e+001 -1.9379213e+001 -1.0180897e+000
  7.6300000e+002  1.0602379e+002  1.4594749e+002 -4.2959159e+001
  7.6320000e+002 -8.2310605e+001 -7.6814009e+001  5.6096127e+001
  7.6340000e+002 -1.4765184e+002  2.0357334e+002 -5.3852228e+001
  7.6360000e+002 -2.5899992e+002  6.1809956e+002 -8.1804217e+001
  7.6380000e+002 -2.3548309e+000  5.7790372e+002 -1.3875984e+002
  7.6400000e+002 -1.5671656e+002  2.9095984e+002 -1.5719080e+001
  7.6420000e+002 -1.9608510e+002 -8.4230030e+001  3.5318057e+001
  7.6440000e+002 -1.8446045e+002  1.9408115e+002 -4.6648419e+001
  7.6460000e+002 -2.6584258e+002  2.1693642e+002  1.3438150e+002
  7.6480000e+002 -4.2315095e+000  1.6868253e+000  1.7140781e+002
  7.6500000e+002  1.2837279e+002 -2.5759738e-001  1.4430520e+001
  7.6520000e+002  2.5897032e+002  1.7982519e+002  1.6449640e+001
  7.6540000e+002  1.8956109e+002 -1.1265676e+002 -1.0534828e+001
  7.6560000e+002  3.2114511e+002 -3.9432341e+002  1.1247712e+002
  7.6580000e+002  3.4172238e+002 -1.9905731e+001 -9.3514505e+001
  7.6600000e+002  2.0629293e+002  2.3121133e+002 -3.5097048e+000
  7.6620000e+002  2.6785674e+002  2.6556381e+002 -8.9508471e+001
  7.6640000e+002  3.1541384e+002  2.1993275e+002 -1.3851080e+002
  7.6660000e+002  7.2964238e+001 -5.6924813e+001 -1.9551669e+002
  7.6680000e+002  3.9507932e+001 -3.5690983e+002 -2.5452612e+002
  7.6700000e+002 -1.1195506e+002 -4.3882527e+002 -1.6053910e+002
  7.6720000e+002  1.5575257e+001 -3.5257209e+002 -1.9255563e+002
  7.6740000e+002 -2.2890109e+002 -4.9685924e+002  4.4243101e+000
  7.6760000e+002 -2.1838411e+002 -3.2645970e+002 -1.4599281e+001
  7.6780000e+002  5.2126216e+001  3.8989595e+001  2.3736010e+000
  7.6800000e+002 -5.4370105e+001  1.0496367e+002  2.7342963e+001
  7.6820000e+002 -6.8873065e+001  2.4754556e+002  3.0308808e+001
  7.6840000e+002  1.1661734e+002  6.1566320e+001 -4.3728856e+001
  7.6860000e+002  1.9110113e+002 -1.4017002e+002 -2.2770027e+001
  7.6880000e+002 -3.7421696e+001  5.7252584e+001  1.5718530e+002
  7.6900000e+002 -1.0495113e+002 -4.6059831e+001  3.1371356e+000
  7.6920000e+002  1.5151284e+002 -1.1199222e+002  3.8085479e+001
  7.6940000e+002  1.7097023e+002 -1.9002555e+001  1.7203034e+002
  7.6960000e+002  5.1142103e+002  6.4217215e+001  2.1697171e+002
  7.6980000e+002  1.2486526e+002 -3.2787087e+002  9.0909615e+001
  7.7000000e+002  1.0430293e+002 -3.3906878e+002 -1.1215595e+002
  7.7020000e+002 -7.9265961e+001 -4.4296474e+001 -1.5224988e+001
  7.7040000e+002  1.3515860e+002  3.9815510e+002 -6.7297482e+001
  7.7060000e+002  3.3576633e+001  5.0748996e+002 -1.4373432e+001
  7.7080000e+002  1.7498813e+002  8.2902167e+001  8.3547168e+001
  7.7100000e+002  2.0539311e+002  1.3517075e+002 -9.3535678e+001
  7.7120000e+002  2.5979157e+002  7.1388745e+001  1.3537804e+002
  7.7140000e+002  3.7118353e+002  1.1665120e+002  1.1528831e+002
  7.7160000e+002  9.4856899e+002  1.1483140e+001  1.0319516e+002
  7.7180000e+002  3.3494797e+002  1.7831462e+002  2.2509858e+002
  7.7200000e+002  5.3332046e+002  8.7247665e+001  5.9998585e+001
  7.7220000e+002  5.2268649e+002  2.1907232e+002  2.3889517e+002
  7.7240000e+002  6.4704605e+002  2.0199963e+002  1.9978834e+002
  7.7260000e+002  6.5939915e+002  4.1996462e+002 -5.3218874e+000
  7.7280000e+002  5.2474581e+002  1.1273534e+002  6.4564480e+001
  7.7300000e+002  9.0808602e+002 -9.4825176e+001  3.8447450e+001
  7.7320000e+002  8.3541981e+002  9.6237109e+001  1.3032703e+002
  7.7340000e+002  6.5274718e+002  1.9331236e+001  2.8320322e+002
  7.7360000e+002  1.0030681e+003 -4.7664759e+001  1.6007603e+002
  7.7380000e+002  1.1243827e+003  3.0377164e+001 -2.3054532e+001
  7.7400000e+002  1.4786908e+003 -3.0569958e+001  2.7081153e+002
  7.7420000e+002  2.0249926e+003 -2.8014709e+002  3.5067423e+002
  7.7440000e+002  2.5082880e+003 -1.9728518e+002  3.1553356e+002
  7.7460000e+002  3.7875770e+003 -1.4783221e+002  5.2638953e+002
  7.7480000e+002  5.1338596e+003 -2.4682613e+002  7.6924216e+002
  7.7500000e+002  6.8681359e+003  3.6635610e+002  9.7909143e+002
  7.7520000e+002  9.0994058e+003  1.0295105e+003  1.2339374e+003
  7.7540000e+002  1.2311669e+004  9.8476514e+002  1.8337800e+003
  7.7560000e+002  1.6407927e+004  4.8569703e+002  2.2766192e+003
  7.7580000e+002  2.0550178e+004  8.2120421e+002  3.2624551e+003
  7.7600000e+002  2.4416422e+004  1.1164487e+003  4.2962878e+003
  7.7620000e+002  2.8689660e+004  1.5255026e+003  5.7471170e+003
  7.7640000e+002  3.3001893e+004  2.0963689e+003  7.2759430e+003
  7.7660000e+002  3.8407118e+004  2.8282027e+003  9.2867657e+003
  7.7680000e+002  4.3894338e+004  4.1108419e+003  1.1312585e+004
  7.7700000e+002  4.8360551e+004  5.4437926e+003  1.3353401e+004
  7.7720000e+002  5.1443758e+004  7.1139919e+003  1.4947214e+004
  7.7740000e+002  5.3051958e+004  8.1282658e+003  1.6319023e+004
  7.7760000e+002  5.3051153e+004  1.0354496e+004  1.7417830e+004
  7.7780000e+002  5.1203341e+004  1.2708376e+004  1.7522632e+004
  7.7800000e+002  4.9490523e+004  1.4353566e+004  1.6927432e+004
  7.7820000e+002  4.7500698e+004  1.5997176e+004  1.5951228e+004
  7.7840000e+002  4.4546868e+004  1.7071572e+004  1.5184021e+004
  7.7860000e+002  4.0490031e+004  1.8089569e+004  1.3839811e+004
  7.7880000e+002  3.6456188e+004  1.8785723e+004  1.2653598e+004
  7.7900000e+002  3.1179339e+004  1.9713232e+004  1.1573381e+004
  7.7920000e+002  2.6393483e+004  2.0883738e+004  1.0845161e+004
  7.7940000e+002  2.2998622e+004  2.2312964e+004  1.0293938e+004
  7.7960000e+002  1.9820754e+004  2.3182499e+004  9.5737116e+003
  7.7980000e+002  1.7331880e+004  2.3969624e+004  9.0734820e+003
  7.8000000e+002  1.5212000e+004  2.4379962e+004  8.6812491e+003
  7.8020000e+002  1.3532114e+004  2.3924495e+004  7.9590130e+003
  7.8040000e+002  1.2508222e+004  2.2679391e+004  7.5127737e+003
  7.8060000e+002  1.1363323e+004  2.1086879e+004  6.9595311e+003
  7.8080000e+002  1.0415418e+004  1.9292307e+004  6.6952853e+003
  7.8100000e+002  9.8745077e+003  1.7959061e+004  6.7540364e+003
  7.8120000e+002  8.5375908e+003  1.5883845e+004  6.7267842e+003
  7.8140000e+002  7.7586679e+003  1.4282021e+004  6.2545288e+003
  7.8160000e+002  6.7537388e+003  1.2843577e+004  5.9022703e+003
  7.8180000e+002  6.0838037e+003  1.2055165e+004  5.7000085e+003
  7.8200000e+002  5.2768624e+003  1.1092805e+004  5.4067436e+003
  7.8220000e+002  4.8649151e+003  1.0169885e+004  5.2104754e+003
  7.8240000e+002  4.4769617e+003  9.4180238e+003  5.0502041e+003
  7.8260000e+002  4.3770023e+003  8.1181040e+003  4.8909297e+003
  7.8280000e+002  3.9250368e+003  7.0249327e+003  4.8826520e+003
  7.8300000e+002  3.8790653e+003  6.3359051e+003  4.9133712e+003
  7.8320000e+002  3.4980877e+003  5.6964511e+003  4.8110873e+003
  7.8340000e+002  3.1161042e+003  5.8937798e+003  4.9168002e+003
  7.8360000e+002  3.0211145e+003  5.5704042e+003  5.0105099e+003
  7.8380000e+002  2.8641189e+003  5.3031713e+003  4.9752165e+003
  7.8400000e+002  3.0281173e+003  4.5361053e+003  4.7879200e+003
  7.8420000e+002  3.1261097e+003  4.0312900e+003  4.7596203e+003
  7.8440000e+002  3.0560960e+003  3.8163696e+003  4.7733175e+003
  7.8460000e+002  2.9110764e+003  3.8076881e+003  4.6930116e+003
  7.8480000e+002  2.9180508e+003  3.7285655e+003  4.5457025e+003
  7.8500000e+002  2.8440193e+003  3.6892429e+003  4.3463903e+003
  7.8520000e+002  2.7919818e+003  3.3474713e+003  4.1180750e+003
  7.8540000e+002  2.8189383e+003  3.3983057e+003  3.9217566e+003
  7.8560000e+002  2.5258889e+003  3.5100882e+003  3.9604351e+003
  7.8580000e+002  2.7128336e+003  3.5480497e+003  4.0251105e+003
  7.8600000e+002  2.9947723e+003  2.7724064e+003  4.2817828e+003
  7.8620000e+002  2.9787051e+003  3.1807683e+003  4.3244520e+003
  7.8640000e+002  2.8436320e+003  3.6076684e+003  4.2301181e+003
  7.8660000e+002  2.9925529e+003  3.1320627e+003  4.2487812e+003
  7.8680000e+002  2.8394680e+003  2.9472732e+003  4.2794411e+003
  7.8700000e+002  2.9253772e+003  3.0187101e+003  4.0430980e+003
  7.8720000e+002  3.1432805e+003  2.6052853e+003  4.0297518e+003
  7.8740000e+002  3.2571779e+003  2.7336889e+003  4.0904026e+003
  7.8760000e+002  3.4110694e+003  3.0794999e+003  4.0330503e+003
  7.8780000e+002  3.4599551e+003  2.9366674e+003  4.1596949e+003
  7.8800000e+002  3.4438349e+003  3.2524523e+003  4.0213365e+003
  7.8820000e+002  3.6017089e+003  3.4892677e+003  4.0569750e+003
  7.8840000e+002  3.6695770e+003  3.6293927e+003  4.0506105e+003
  7.8860000e+002  3.7684393e+003  3.4111742e+003  4.1122430e+003
  7.8880000e+002  3.9602957e+003  3.0581704e+003  4.1578724e+003
  7.8900000e+002  4.0821464e+003  3.2584262e+003  4.0424987e+003
  7.8920000e+002  4.0179912e+003  3.2593586e+003  4.1081221e+003
  7.8940000e+002  4.1798302e+003  3.0448848e+003  4.3547424e+003
  7.8960000e+002  4.5976634e+003  3.1560518e+003  4.3323597e+003
  7.8980000e+002  4.8544908e+003  3.1667315e+003  4.2219740e+003
  7.9000000e+002  5.4413125e+003  2.9896690e+003  4.4465853e+003
  7.9020000e+002  6.0251283e+003  3.2317574e+003  4.6311936e+003
  7.9040000e+002  6.3379384e+003  3.4580286e+003  4.9477989e+003
  7.9060000e+002  6.9767428e+003  3.6052078e+003  5.1084012e+003
  7.9080000e+002  7.3115413e+003  3.7122909e+003  5.6790005e+003
  7.9100000e+002  8.0293342e+003  4.0628880e+003  6.0435968e+003
  7.9120000e+002  9.0611212e+003  4.6605901e+003  6.6761901e+003
  7.9140000e+002  1.0368903e+004  4.4645922e+003  7.0887804e+003
  7.9160000e+002  1.1731678e+004  4.0866434e+003  7.5363678e+003
  7.9180000e+002  1.3168448e+004  4.2719258e+003  8.0749522e+003
  7.9200000e+002  1.4221212e+004  5.3086532e+003  8.7115336e+003
  7.9220000e+002  1.5439971e+004  6.2162039e+003  8.7681120e+003
  7.9240000e+002  1.6385724e+004  6.2931907e+003  9.0166875e+003
  7.9260000e+002  1.6803471e+004  6.7279778e+003  9.3912601e+003
  7.9280000e+002  1.6266212e+004  7.3412932e+003  9.2408297e+003
  7.9300000e+002  1.6076948e+004  8.6597549e+003  9.2533963e+003
  7.9320000e+002  1.5850678e+004  9.3475779e+003  9.1109600e+003
  7.9340000e+002  1.5112402e+004  9.9389683e+003  9.0675208e+003
  7.9360000e+002  1.3758121e+004  1.1427355e+004  8.6100786e+003
  7.9380000e+002  1.2816834e+004  1.2422209e+004  8.3846335e+003
  7.9400000e+002  1.1687541e+004  1.3226463e+004  8.2641855e+003
  7.9420000e+002  1.0837243e+004  1.3695874e+004  8.1027345e+003
  7.9440000e+002  1.0448939e+004  1.4101723e+004  8.0382806e+003
  7.9460000e+002  9.6896300e+003  1.4456044e+004  7.6518238e+003
  7.9480000e+002  8.8793150e+003  1.3895542e+004  7.4433641e+003
  7.9500000e+002  8.5949943e+003  1.3055185e+004  6.9719015e+003
  7.9520000e+002  8.0486680e+003  1.2253827e+004  6.9204360e+003
  7.9540000e+002  7.8593362e+003  1.1884290e+004  6.8199676e+003
  7.9560000e+002  7.3969987e+003  1.1297724e+004  6.7474963e+003
  7.9580000e+002  7.3646557e+003  1.0205329e+004  6.4870221e+003
  7.9600000e+002  7.5373071e+003  9.5153329e+003  6.5725450e+003
  7.9620000e+002  7.2109529e+003  9.2093909e+003  6.3550651e+003
  7.9640000e+002  7.3915932e+003  8.8368358e+003  6.4555822e+003
  7.9660000e+002  7.3922279e+003  8.5105285e+003  6.2420965e+003
  7.9680000e+002  6.9128571e+003  8.3838361e+003  6.0026080e+003
  7.9700000e+002  6.9414807e+003  7.9998367e+003  5.9621165e+003
  7.9720000e+002  6.8070988e+003  7.9065463e+003  5.9896222e+003
  7.9740000e+002  7.2587114e+003  7.4558319e+003  6.0351250e+003
  7.9760000e+002  7.2403185e+003  7.2308085e+003  6.2356250e+003
  7.9780000e+002  7.3929200e+003  6.9752382e+003  6.0101221e+003
  7.9800000e+002  7.4795161e+003  6.4097070e+003  5.9206164e+003
  7.9820000e+002  7.4611066e+003  6.6737710e+003  6.0701079e+003
  7.9840000e+002  7.8076917e+003  6.8620291e+003  6.0875965e+003
  7.9860000e+002  7.6912712e+003  6.9236084e+003  6.0550822e+003
  7.9880000e+002  7.7938453e+003  6.9438549e+003  5.9915652e+003
  7.9900000e+002  7.7104139e+003  7.1417447e+003  5.8290453e+003
  7.9920000e+002  7.3959771e+003  6.8103888e+003  5.9785226e+003
  7.9940000e+002  7.6245348e+003  6.2935793e+003  6.0079970e+003
  7.9960000e+002  7.7440870e+003  6.3421510e+003  5.7684687e+003
  7.9980000e+002  8.2006339e+003  6.1324422e+003  5.7139375e+003
  8.0000000e+002  7.7951752e+003  6.1835538e+003  5.8274035e+003
  8.0020000e+002  7.7427112e+003  6.4955798e+003  5.8338668e+003
  8.0040000e+002  8.0582417e+003  7.1746113e+003  5.7673272e+003
  8.0060000e+002  8.0417668e+003  7.1335433e+003  5.6967849e+003
  8.0080000e+002  7.7642864e+003  7.1300168e+003  5.8192397e+003
  8.0100000e+002  7.9018007e+003  7.1892900e+003  5.7756918e+003
  8.0120000e+002  8.1253096e+003  7.2188007e+003  5.7081410e+003
  8.0140000e+002  8.4768131e+003  7.5057090e+003  5.4945875e+003
  8.0160000e+002  8.5493112e+003  7.7462920e+003  5.9400312e+003
  8.0180000e+002  8.3658039e+003  7.9798737e+003  5.9104722e+003
  8.0200000e+002  8.2392913e+003  8.0388392e+003  5.8119104e+003
  8.0220000e+002  7.8447733e+003  8.0605823e+003  5.9723458e+003
  8.0240000e+002  8.0972499e+003  7.7199843e+003  5.6507784e+003
  8.0260000e+002  8.0537212e+003  7.8442541e+003  5.6222083e+003
  8.0280000e+002  8.1771871e+003  8.2955327e+003  5.6296355e+003
  8.0300000e+002  8.2466477e+003  8.0513532e+003  5.6870599e+003
  8.0320000e+002  8.1921030e+003  7.9954635e+003  5.4584815e+003
  8.0340000e+002  8.0065530e+003  7.8130029e+003  5.5059004e+003
  8.0360000e+002  8.0109976e+003  8.0405721e+003  5.6993166e+003
  8.0380000e+002  8.3484369e+003  8.0156364e+003  5.7797300e+003
  8.0400000e+002  8.6118709e+003  8.0765437e+003  5.7701407e+003
  8.0420000e+002  8.8012996e+003  8.6133441e+003  5.7075487e+003
  8.0440000e+002  8.8087230e+003  8.6696575e+003  5.6749540e+003
  8.0460000e+002  8.7461412e+003  8.8644160e+003  5.6553565e+003
  8.0480000e+002  9.0135540e+003  8.4534087e+003  5.4807563e+003
  8.0500000e+002  8.8419616e+003  8.3423076e+003  5.6221534e+003
  8.0520000e+002  8.9223639e+003  8.4835036e+003  5.7675478e+003
  8.0540000e+002  9.3827610e+003  8.5429249e+003  5.8169395e+003
  8.0560000e+002  9.5911528e+003  8.6257515e+003  5.8473285e+003
  8.0580000e+002  9.5735393e+003  8.6009163e+003  5.5117148e+003
  8.0600000e+002  9.8989206e+003  8.5244065e+003  5.5160984e+003
  8.0620000e+002  9.9182967e+003  8.7320240e+003  5.4454794e+003
  8.0640000e+002  1.0056668e+004  9.0343898e+003  5.7428576e+003
  8.0660000e+002  1.0082033e+004  9.1902481e+003  5.8692331e+003
  8.0680000e+002  1.0221394e+004  8.9765079e+003  5.7596060e+003
  8.0700000e+002  1.0319749e+004  8.8033970e+003  5.7609762e+003
  8.0720000e+002  1.0048099e+004  8.5854927e+003  5.7623437e+003
  8.0740000e+002  1.0771444e+004  8.2638359e+003  5.5927086e+003
  8.0760000e+002  1.0576783e+004  8.5818607e+003  5.6950708e+003
  8.0780000e+002  1.0897118e+004  8.4934060e+003  5.7244303e+003
  8.0800000e+002  1.0681447e+004  8.5491559e+003  5.8177872e+003
  8.0820000e+002  1.0510771e+004  8.5522325e+003  5.8711414e+003
  8.0840000e+002  1.0306090e+004  8.5543808e+003  5.8354930e+003
  8.0860000e+002  1.0496404e+004  8.7414277e+003  5.7278419e+003
  8.0880000e+002  1.0695712e+004  8.7945564e+003  5.5831882e+003
  8.0900000e+002  1.0769016e+004  8.8495328e+003  5.7295319e+003
  8.0920000e+002  1.0484314e+004  9.2217170e+003  5.6838729e+003
  8.0940000e+002  1.0836607e+004  8.9692360e+003  5.8032113e+003
  8.0960000e+002  1.0639895e+004  8.8389479e+003  5.8205471e+003
  8.0980000e+002  1.0612178e+004  8.6228686e+003  5.7268802e+003
  8.1000000e+002  1.0245456e+004  8.4585792e+003  5.9172107e+003
  8.1020000e+002  1.0265729e+004  8.3604028e+003  5.8695386e+003
  8.1040000e+002  1.0163996e+004  8.5926823e+003  5.9248639e+003
  8.1060000e+002  1.0165259e+004  8.8395447e+003  5.7581866e+003
  8.1080000e+002  1.0258516e+004  9.0623782e+003  5.6575067e+003
  8.1100000e+002  1.0287769e+004  9.2087687e+003  6.0478241e+003
  8.1120000e+002  1.0317016e+004  8.8204453e+003  6.0581390e+003
  8.1140000e+002  1.0871258e+004  8.8847460e+003  6.0334513e+003
  8.1160000e+002  1.1006495e+004  8.9655088e+003  5.9097610e+003
  8.1180000e+002  1.0862727e+004  8.9870448e+003  5.8670681e+003
  8.1200000e+002  1.0633954e+004  9.1423229e+003  5.6283726e+003
  8.1220000e+002  1.0652176e+004  9.0039262e+003  5.8156745e+003
  8.1240000e+002  1.0434393e+004  9.1479328e+003  5.9439739e+003
  8.1260000e+002  1.0464605e+004  9.0106586e+003  5.7562707e+003
  8.1280000e+002  1.1088812e+004  9.1750078e+003  5.8685649e+003
  8.1300000e+002  1.1016014e+004  9.3462262e+003  5.9128565e+003
  8.1320000e+002  1.0868210e+004  9.4209330e+003  5.7771456e+003
  8.1340000e+002  1.0684402e+004  9.7379442e+003  5.9364321e+003
  8.1360000e+002  1.0550589e+004  9.7891997e+003  6.0927161e+003
  8.1380000e+002  1.0720771e+004  9.7467157e+003  5.9999975e+003
  8.1400000e+002  1.0564948e+004  9.8506962e+003  5.9852764e+003
  8.1420000e+002  1.0445120e+004  9.9348011e+003  5.9525527e+003
  8.1440000e+002  1.0520286e+004  9.5850905e+003  5.8678265e+003
  8.1460000e+002  1.0345448e+004  9.4495565e+003  5.8850977e+003
  8.1480000e+002  1.0291605e+004  9.2997570e+003  5.7793664e+003
  8.1500000e+002  1.0517757e+004  9.6158942e+003  5.7406326e+003
  8.1520000e+002  1.0431904e+004  9.9316239e+003  6.0668962e+003
  8.1540000e+002  1.0371046e+004  9.4516553e+003  5.9131574e+003
  8.1560000e+002  1.0575183e+004  9.6798644e+003  6.0204160e+003
  8.1580000e+002  1.0538315e+004  9.8586652e+003  6.3306720e+003
  8.1600000e+002  1.0556443e+004  9.8118287e+003  6.0109256e+003
  8.1620000e+002  1.0544565e+004  9.8005130e+003  5.9841766e+003
  8.1640000e+002  1.0906682e+004  9.5370460e+003  5.7914252e+003
  8.1660000e+002  1.0983795e+004  1.0005114e+004  5.8026712e+003
  8.1680000e+002  1.0771902e+004  1.0462579e+004  5.9589148e+003
  8.1700000e+002  1.0611005e+004  1.0088038e+004  6.0321558e+003
  8.1720000e+002  1.0562103e+004  1.0422098e+004  6.2683943e+003
  8.1740000e+002  1.0498196e+004  1.0730082e+004  6.1026304e+003
  8.1760000e+002  1.0397284e+004  1.0583643e+004  6.1588640e+003
  8.1780000e+002  1.0555367e+004  1.0529293e+004  5.9110951e+003
  8.1800000e+002  1.0450445e+004  1.0620854e+004  5.8203237e+003
  8.1820000e+002  1.0435518e+004  1.0551182e+004  5.9675498e+003
  8.1840000e+002  1.0224587e+004  1.0472273e+004  5.9247734e+003
  8.1860000e+002  1.0379650e+004  1.0611588e+004  5.7739946e+003
  8.1880000e+002  1.0252709e+004  1.0362492e+004  5.8862133e+003
  8.1900000e+002  1.0479763e+004  1.0534741e+004  5.6124296e+003
  8.1920000e+002  1.0865812e+004  9.8850039e+003  5.8956434e+003
  8.1940000e+002  1.0706857e+004  9.8856939e+003  5.9788547e+003
  8.1960000e+002  1.0513896e+004  1.0125694e+004  5.9470636e+003
  8.1980000e+002  1.0898931e+004  1.0328054e+004  6.1382700e+003
  8.2000000e+002  1.0540960e+004  1.0152999e+004  6.0514740e+003
  8.2020000e+002  1.0788985e+004  1.0629938e+004  6.0516755e+003
  8.2040000e+002  1.0645006e+004  1.0725359e+004  6.0158746e+003
  8.2060000e+002  1.0722021e+004  1.0953897e+004  5.8120712e+003
  8.2080000e+002  1.0794032e+004  1.1180958e+004  5.7092655e+003
  8.2100000e+002  1.0947037e+004  1.1268250e+004  5.9304573e+003
  8.2120000e+002  1.1137038e+004  1.1010779e+004  5.8906466e+003
  8.2140000e+002  1.1504035e+004  1.0739846e+004  5.8168335e+003
  8.2160000e+002  1.1462026e+004  1.1028654e+004  5.7570181e+003
  8.2180000e+002  1.1706013e+004  1.0870492e+004  5.9222002e+003
  8.2200000e+002  1.1723995e+004  1.0726275e+004  5.9133798e+003
  8.2220000e+002  1.1545972e+004  1.0938895e+004  5.7425571e+003
  8.2240000e+002  1.1590945e+004  1.0604141e+004  5.8137320e+003
  8.2260000e+002  1.1384912e+004  1.0590377e+004  5.5469044e+003
  8.2280000e+002  1.1377875e+004  1.0740490e+004  5.7790745e+003
  8.2300000e+002  1.1041834e+004  1.0775348e+004  5.8482422e+003
  8.2320000e+002  1.1078787e+004  1.0992579e+004  5.8914074e+003
  8.2340000e+002  1.1153736e+004  1.0797997e+004  6.0595703e+003
  8.2360000e+002  1.1106680e+004  1.0527158e+004  5.6767308e+003
  8.2380000e+002  1.1213620e+004  1.0559044e+004  5.7898889e+003
  8.2400000e+002  1.1280554e+004  1.0679901e+004  5.9580446e+003
  8.2420000e+002  1.1097484e+004  1.0788283e+004  5.7501979e+003
  8.2440000e+002  1.1057410e+004  1.0749710e+004  5.7993489e+003
  8.2460000e+002  1.1162330e+004  1.0538631e+004  5.9464975e+003
  8.2480000e+002  1.1182246e+004  1.0327224e+004  5.6546437e+003
  8.2500000e+002  1.0969158e+004  1.0567589e+004  6.0217876e+003
  8.2520000e+002  1.0822064e+004  1.0718491e+004  5.9589291e+003
  8.2540000e+002  1.0939966e+004  1.0387425e+004  5.9370682e+003
  8.2560000e+002  1.0806864e+004  1.0855500e+004  6.2102050e+003
  8.2580000e+002  1.0655756e+004  1.0840820e+004  6.1863394e+003
  8.2600000e+002  1.0834644e+004  1.0922154e+004  6.1484714e+003
  8.2620000e+002  1.0976528e+004  1.1092125e+004  5.9566012e+003
  8.2640000e+002  1.0976406e+004  1.1109733e+004  6.0187285e+003
  8.2660000e+002  1.1118280e+004  1.0972575e+004  6.0228536e+003
  8.2680000e+002  1.0840150e+004  1.1156825e+004  5.9069763e+003
  8.2700000e+002  1.0807015e+004  1.1141693e+004  6.0370966e+003
  8.2720000e+002  1.0823875e+004  1.0935024e+004  6.1782147e+003
  8.2740000e+002  1.0707731e+004  1.0929065e+004  5.9753304e+003
  8.2760000e+002  1.0294582e+004  1.1190069e+004  6.0854438e+003
  8.2780000e+002  1.0173428e+004  1.1216464e+004  6.0925548e+003
  8.2800000e+002  1.0408270e+004  1.1507149e+004  6.1026636e+003
  8.2820000e+002  1.0564107e+004  1.1698001e+004  6.1607700e+003
  8.2840000e+002  1.0337940e+004  1.1473630e+004  6.1398741e+003
  8.2860000e+002  1.0511768e+004  1.1561031e+004  6.0649759e+003
  8.2880000e+002  1.0666592e+004  1.1197701e+004  5.9400754e+003
  8.2900000e+002  1.0595411e+004  1.1485865e+004  6.0391726e+003
  8.2920000e+002  1.0520225e+004  1.1304175e+004  6.1802675e+003
  8.2940000e+002  1.0449035e+004  1.1506209e+004  6.5603601e+003
  8.2960000e+002  1.0405840e+004  1.1528993e+004  6.4064504e+003
  8.2980000e+002  1.0395641e+004  1.1356702e+004  6.0925384e+003
  8.3000000e+002  1.0203437e+004  1.1797543e+004  6.1246241e+003
  8.3020000e+002  1.0106229e+004  1.1773467e+004  6.0847075e+003
  8.3040000e+002  1.0076016e+004  1.1574744e+004  6.0147887e+003
  8.3060000e+002  9.9617990e+003  1.1799955e+004  5.6558675e+003
  8.3080000e+002  9.8775772e+003  1.1606514e+004  5.7509441e+003
  8.3100000e+002  9.8503509e+003  1.1441098e+004  6.0210185e+003
  8.3120000e+002  9.8551200e+003  1.1529182e+004  5.9820905e+003
  8.3140000e+002  9.8318847e+003  1.1580821e+004  5.9521603e+003
  8.3160000e+002  9.5016449e+003  1.1633284e+004  5.7752278e+003
  8.3180000e+002  9.9084005e+003  1.1625094e+004  6.0042931e+003
  8.3200000e+002  1.0120152e+004  1.1469644e+004  5.9393561e+003
  8.3220000e+002  9.9808984e+003  1.1744607e+004  6.0494168e+003
  8.3240000e+002  1.0114641e+004  1.1625867e+004  5.7934753e+003
  8.3260000e+002  9.8993785e+003  1.1485594e+004  5.6745316e+003
  8.3280000e+002  9.7681118e+003  1.1606710e+004  5.8425856e+003
  8.3300000e+002  9.6038406e+003  1.1903725e+004  5.7246373e+003
  8.3320000e+002  9.5295651e+003  1.1772646e+004  5.6536869e+003
  8.3340000e+002  9.4922850e+003  1.1906615e+004  5.8797341e+003
  8.3360000e+002  9.7090005e+003  1.1850614e+004  5.9607792e+003
  8.3380000e+002  9.6517116e+003  1.1931497e+004  5.8988220e+003
  8.3400000e+002  9.7054183e+003  1.1649566e+004  5.7868626e+003
  8.3420000e+002  9.5881205e+003  1.1118293e+004  6.0589010e+003
  8.3440000e+002  1.0004818e+004  1.1190059e+004  6.1569371e+003
  8.3460000e+002  1.0133512e+004  1.1544337e+004  6.1459710e+003
  8.3480000e+002  9.9102007e+003  1.1163440e+004  6.0300027e+003
  8.3500000e+002  9.6928853e+003  1.1286412e+004  6.1020322e+003
  8.3520000e+002  9.4245655e+003  1.1861920e+004  6.1760595e+003
  8.3540000e+002  9.3922413e+003  1.1829130e+004  6.1490846e+003
  8.3560000e+002  9.6129127e+003  1.1220105e+004  6.0001075e+003
  8.3580000e+002  9.8065797e+003  1.1000720e+004  6.0311281e+003
  8.3600000e+002  9.8772424e+003  1.1338217e+004  6.0691466e+003
  8.3620000e+002  9.7149006e+003  1.1406680e+004  6.3031629e+003
  8.3640000e+002  9.7345545e+003  1.1950959e+004  6.1091770e+003
  8.3660000e+002  1.0089204e+004  1.1855093e+004  6.1941889e+003
  8.3680000e+002  9.9028493e+003  1.1618685e+004  6.2661986e+003
  8.3700000e+002  9.8714901e+003  1.1600684e+004  6.1962061e+003
  8.3720000e+002  9.9191266e+003  1.1295648e+004  5.9542114e+003
  8.3740000e+002  1.0163759e+004  1.1378915e+004  6.1072146e+003
  8.3760000e+002  9.7233865e+003  1.1682517e+004  6.2212156e+003
  8.3780000e+002  9.9600100e+003  1.1524471e+004  6.2812144e+003
  8.3800000e+002  1.0073629e+004  1.1563153e+004  6.0592110e+003
  8.3820000e+002  1.0337244e+004  1.1659442e+004  6.2282055e+003
  8.3840000e+002  1.0437854e+004  1.1520145e+004  6.0461978e+003
  8.3860000e+002  1.0413461e+004  1.1443334e+004  5.9831880e+003
  8.3880000e+002  1.0441063e+004  1.1428039e+004  5.9871760e+003
  8.3900000e+002  1.0110660e+004  1.1716280e+004  6.0311618e+003
  8.3920000e+002  1.0294253e+004  1.1786403e+004  6.1221455e+003
  8.3940000e+002  1.0640842e+004  1.1755145e+004  6.1621271e+003
  8.3960000e+002  1.0468427e+004  1.1500709e+004  6.0721065e+003
  8.3980000e+002  1.0458008e+004  1.1394087e+004  5.9760837e+003
  8.4000000e+002  1.0658584e+004  1.1737880e+004  6.1280588e+003
  8.4020000e+002  1.0556156e+004  1.1949146e+004  6.0990318e+003
  8.4040000e+002  1.0788723e+004  1.1892125e+004  6.1340026e+003
  8.4060000e+002  1.0621287e+004  1.1729874e+004  6.0619713e+003
  8.4080000e+002  1.0467846e+004  1.1711776e+004  6.3329379e+003
  8.4100000e+002  1.0653401e+004  1.1531433e+004  6.3849023e+003
  8.4120000e+002  1.0747951e+004  1.1088922e+004  6.2848647e+003
  8.4140000e+002  1.0872498e+004  1.1247085e+004  6.1508249e+003
  8.4160000e+002  1.1021040e+004  1.1588192e+004  6.0827829e+003
  8.4180000e+002  1.0630578e+004  1.1648753e+004  6.2167389e+003
  8.4200000e+002  1.0408111e+004  1.1345089e+004  6.0406928e+003
  8.4220000e+002  1.0207641e+004  1.1133510e+004  6.0946445e+003
  8.4240000e+002  1.0386166e+004  1.1761206e+004  6.1095941e+003
  8.4260000e+002  1.0491687e+004  1.1874102e+004  5.9885417e+003
  8.4280000e+002  1.0505204e+004  1.1774123e+004  6.1334871e+003
  8.4300000e+002  1.0783716e+004  1.1369801e+004  6.2574304e+003
  8.4320000e+002  1.0886225e+004  1.1370134e+004  5.9433717e+003
  8.4340000e+002  1.0780729e+004  1.1327117e+004  5.7973108e+003
  8.4360000e+002  1.0818229e+004  1.1423952e+004  6.0042479e+003
  8.4380000e+002  1.1079725e+004  1.1423129e+004  6.1981828e+003
  8.4400000e+002  1.0618216e+004  1.1819593e+004  6.1301157e+003
  8.4420000e+002  1.0594704e+004  1.2117086e+004  6.2680465e+003
  8.4440000e+002  1.0903187e+004  1.1643599e+004  6.3459752e+003
  8.4460000e+002  1.0926666e+004  1.1432338e+004  6.1959018e+003
  8.4480000e+002  1.1030142e+004  1.1852783e+004  6.1918264e+003
