701.2129307675706, 0.021586852518277855
701.8250925131669, 0.022153692806299974
702.4372929069646, 0.021777516978794598
703.0495319489637, 0.02045832503576106
703.6616550463584, 0.021968181439310897
704.2737523782855, 0.024106715253212396
704.8855920555363, 0.03253202317063164
705.3437278355964, 0.05700406433260352
705.5976014295942, 0.08636896779891168
705.8172713653036, 0.12045238723854301
706.0335724661193, 0.15375030345480312
706.3433364105664, 0.19491304401823162
706.7544161053821, 0.1645684905137048
707.0214204953359, 0.1989151069856978
707.1223695975391, 0.22530925203341745
707.2402208465124, 0.2542163890247018
707.4089846595372, 0.28563308256386555
707.5678819667245, 0.31600147376003385
707.8128531745868, 0.33870400192085603
708.1006710575884, 0.31594765668014846
708.1908764231946, 0.29404121350285983
708.3450827470042, 0.26573527075644754
708.4651627089282, 0.2402618117523032
708.6362454140403, 0.21509753835980727
708.8584081587435, 0.18835641834790473
709.063282274662, 0.16853246754771378
709.3704002075325, 0.14351162192506606
709.8304799921258, 0.12054995247599654
710.3924196882033, 0.10175868161871127
711.0050323294831, 0.0913236672255775
711.617503260691, 0.08434637858937832
712.230103019237, 0.07422570290142039
712.8426641295816, 0.06504804332898995
713.4550706471205, 0.05964244821866993
714.0672581581844, 0.059580611096340386
714.6794456692481, 0.05951877397401062
715.2918650695208, 0.05379884015851499
715.9041942906566, 0.050279277279250634
716.5164075671881, 0.049588762746569204
717.1282085962374, 0.058957086779516166
717.7399065634162, 0.07084012045387
718.3516560615302, 0.08146579930752051
718.9628644848239, 0.1052937037785584
719.5749102858157, 0.10868959241316345
720.187355451556, 0.10234098118731594
720.7993110734111, 0.10793724075815225
721.4116918254822, 0.10316032305818434
722.0245105905032, 0.08769588938223638
722.6373164727903, 0.07254579441146403
723.2498131694658, 0.06493982836491297
723.8622583352061, 0.058591217139065455
724.474510259939, 0.05695768649085631
725.0868781292763, 0.05249510749606423
725.6991558194769, 0.05023289943750342
726.3114077442099, 0.04859936878929427
726.923646786209, 0.04728017684626096
727.5359373591434, 0.044703630082524315
728.1480733392721, 0.0458991477808981
728.7602994985373, 0.044894294543040836
729.3725385405364, 0.04357510260000752
729.9847904652694, 0.04194157195179837
730.5969779763333, 0.04187973482946883
731.2091654873972, 0.04181789770713906
731.668306120695, 0.04177151986539185
